solid OpenSCAD_Model
  facet normal 0 0 -1
    outer loop
      vertex 47 0 4
      vertex 30 33 4
      vertex 47 47 4
    endloop
  endfacet
  facet normal 0 0 -1
    outer loop
      vertex 47 0 4
      vertex 29 33 4
      vertex 30 33 4
    endloop
  endfacet
  facet normal 0 0 -1
    outer loop
      vertex 0 0 4
      vertex 29 33 4
      vertex 47 0 4
    endloop
  endfacet
  facet normal 0 0 -1
    outer loop
      vertex 0 47 4
      vertex 28 34 4
      vertex 0 0 4
    endloop
  endfacet
  facet normal -0 0 -1
    outer loop
      vertex 29 33 4
      vertex 0 0 4
      vertex 28 34 4
    endloop
  endfacet
  facet normal 0 0 -1
    outer loop
      vertex 30 34 4
      vertex 47 47 4
      vertex 30 33 4
    endloop
  endfacet
  facet normal 0 0 -1
    outer loop
      vertex 29 35 4
      vertex 47 47 4
      vertex 30 34 4
    endloop
  endfacet
  facet normal 0 0 -1
    outer loop
      vertex 28 35 4
      vertex 47 47 4
      vertex 29 35 4
    endloop
  endfacet
  facet normal 0 0 -1
    outer loop
      vertex 28 35 4
      vertex 0 47 4
      vertex 47 47 4
    endloop
  endfacet
  facet normal 0 0 -1
    outer loop
      vertex 28 34 4
      vertex 0 47 4
      vertex 28 35 4
    endloop
  endfacet
  facet normal 0 0 1
    outer loop
      vertex 30 33 4
      vertex 47 47 4
      vertex 30 34 4
    endloop
  endfacet
  facet normal 0 0 1
    outer loop
      vertex 47 47 4
      vertex 29 35 4
      vertex 30 34 4
    endloop
  endfacet
  facet normal 0 0 1
    outer loop
      vertex 47 47 4
      vertex 28 35 4
      vertex 29 35 4
    endloop
  endfacet
  facet normal 0 0 1
    outer loop
      vertex 28 35 4
      vertex 0 47 4
      vertex 28 34 4
    endloop
  endfacet
  facet normal -0 0 1
    outer loop
      vertex 0 47 4
      vertex 28 35 4
      vertex 47 47 4
    endloop
  endfacet
  facet normal 0 0 1
    outer loop
      vertex 47 47 4
      vertex 30 33 4
      vertex 47 0 4
    endloop
  endfacet
  facet normal -0 0 1
    outer loop
      vertex 29 33 4
      vertex 47 0 4
      vertex 30 33 4
    endloop
  endfacet
  facet normal 0 0 1
    outer loop
      vertex 0 0 4
      vertex 29 33 4
      vertex 28 34 4
    endloop
  endfacet
  facet normal 0 0 1
    outer loop
      vertex 0 0 4
      vertex 28 34 4
      vertex 0 47 4
    endloop
  endfacet
  facet normal 0 0 1
    outer loop
      vertex 29 33 4
      vertex 0 0 4
      vertex 47 0 4
    endloop
  endfacet
  facet normal -0.235702 -0.235702 -0.942809
    outer loop
      vertex 29 33 4
      vertex 28 34 4
      vertex 29 34 3.75
    endloop
  endfacet
  facet normal 0.235702 0.235702 0.942809
    outer loop
      vertex 29 33 4
      vertex 29 34 3.75
      vertex 28 34 4
    endloop
  endfacet
  facet normal -0.242536 0 -0.970143
    outer loop
      vertex 29 34 3.75
      vertex 28 34 4
      vertex 28 35 4
    endloop
  endfacet
  facet normal 0.242536 0 0.970143
    outer loop
      vertex 29 34 3.75
      vertex 28 35 4
      vertex 28 34 4
    endloop
  endfacet
  facet normal 0 0.242536 -0.970143
    outer loop
      vertex 29 34 3.75
      vertex 28 35 4
      vertex 29 35 4
    endloop
  endfacet
  facet normal 0 -0.242536 0.970143
    outer loop
      vertex 29 34 3.75
      vertex 29 35 4
      vertex 28 35 4
    endloop
  endfacet
  facet normal -0 -0.242536 -0.970143
    outer loop
      vertex 30 33 4
      vertex 29 33 4
      vertex 29 34 3.75
    endloop
  endfacet
  facet normal 0 0.242536 0.970143
    outer loop
      vertex 30 33 4
      vertex 29 34 3.75
      vertex 29 33 4
    endloop
  endfacet
  facet normal 0.242536 0 -0.970143
    outer loop
      vertex 30 33 4
      vertex 29 34 3.75
      vertex 30 34 4
    endloop
  endfacet
  facet normal -0.242536 0 0.970143
    outer loop
      vertex 30 33 4
      vertex 30 34 4
      vertex 29 34 3.75
    endloop
  endfacet
  facet normal 0.235702 0.235702 -0.942809
    outer loop
      vertex 30 34 4
      vertex 29 34 3.75
      vertex 29 35 4
    endloop
  endfacet
  facet normal -0.235702 -0.235702 0.942809
    outer loop
      vertex 30 34 4
      vertex 29 35 4
      vertex 29 34 3.75
    endloop
  endfacet
endsolid OpenSCAD_Model
